13.9 -12 21 0 0
1 -13 23 0 1
2 -13 23 0 1
3 -13 23 0 1
4 -13 23 0 1
5 -13 23 0 1
6 -13 23 0 1
7 -13 23 0 1
8 -13 23 0 1
9 -13 23 0 1
10 -13 23 0 1
11 -13 23 0 1
12 -13 23 0 1
13 -13 23 0 1
14 -13 23 0 1
15 -13 23 0 1
16 -13 23 0 1
17 -13 23 0 1
1 -2 6 0 1
1 -3 6 0 1
1 -4 6 0 1
1 -5 6 0 1
1 -6 6 0 1
1 -7 6 0 1
1 -8 6 0 1
1 -9 6 0 1
1 -10 6 0 1
1 -11 6 0 1
1 -12 6 0 1
5 -10 6 0 1
5 -11 6 0 1
5 -12 6 0 1
6 -10 6 0 1
6 -11 6 0 1
6 -12 6 0 1
7 -10 6 0 1
7 -11 6 0 1
7 -12 6 0 1
8 -10 6 0 1
8 -11 6 0 1
8 -12 6 0 1
9 -10 6 0 1
9 -11 6 0 1
9 -12 6 0 1
10 -10 6 0 1
10 -11 6 0 1
10 -12 6 0 1
11 -10 6 0 1
11 -11 6 0 1
11 -12 6 0 1
5 -2 6 0 1
6 -2 6 0 1
7 -2 6 0 1
8 -2 6 0 1
9 -2 6 0 1
10 -2 6 0 1
11 -2 6 0 1
16 -2 6 0 1
16 -3 6 0 1
16 -4 6 0 1
16 -5 6 0 1
16 -6 6 0 1
16 -7 6 0 1
16 -8 6 0 1
16 -9 6 0 1
16 -10 6 0 1
16 -11 6 0 1
16 -12 6 0 1
15 -11 6 0 1
14 -11 6 0 1
5 -7 9 1 0
5 -9 9 1 0
6 -5 9 1 0
6 -7 9 1 0
6 -9 9 1 0
7 -5 9 1 0
7 -7 9 1 0
7 -9 9 1 0
8 -5 9 1 0
8 -7 9 1 0
8 -9 9 1 0
9 -5 9 1 0
9 -7 9 1 0
9 -9 9 1 0
10 -5 9 1 0
10 -7 9 1 0
10 -9 9 1 0
11 -7 9 1 0
11 -9 9 1 0
