5.5 -7 10 0 0
30 -11.5 21 0 0
0 -13 23 1 1
0 -14 23 1 1
1 -13 23 1 1
1 -14 23 1 1
2 -13 23 1 1
2 -14 23 1 1
3 -13 23 1 1
3 -14 23 1 1
4 -13 23 1 1
4 -14 23 1 1
5 -13 23 1 1
5 -14 23 1 1
6 -13 23 1 1
6 -14 23 1 1
7 -13 23 1 1
7 -14 23 1 1
8 -13 23 1 1
8 -14 23 1 1
9 -13 23 1 1
9 -14 23 1 1
10 -13 23 1 1
10 -14 23 1 1
11 -13 23 1 1
11 -14 23 1 1
12 -13 23 1 1
12 -14 23 1 1
13 -13 23 1 1
13 -14 23 1 1
14 -13 23 1 1
14 -14 23 1 1
15 -13 23 1 1
15 -14 23 1 1
16 -13 23 1 1
16 -14 23 1 1
17 -13 23 1 1
17 -14 23 1 1
18 -13 23 1 1
18 -14 23 1 1
19 -13 23 1 1
19 -14 23 1 1
20 -13 23 1 1
20 -14 23 1 1
21 -13 23 1 1
21 -14 23 1 1
22 -13 23 1 1
22 -14 23 1 1
23 -13 23 1 1
23 -14 23 1 1
24 -13 23 1 1
24 -14 23 1 1
25 -13 23 1 1
25 -14 23 1 1
26 -13 23 1 1
26 -14 23 1 1
27 -13 23 1 1
27 -14 23 1 1
28 -13 23 1 1
28 -14 23 1 1
29 -13 23 1 1
29 -14 23 1 1
30 -13 23 1 1
30 -14 23 1 1
31 -13 23 1 1
31 -14 23 1 1
32 -13 23 1 1
32 -14 23 1 1
33 -13 23 1 1
33 -14 23 1 1
34 -13 23 1 1
34 -14 23 1 1
35 -13 23 1 1
35 -14 23 1 1
36 -13 23 1 1
36 -14 23 1 1
37 -13 23 1 1
37 -14 23 1 1
38 -13 23 1 1
38 -14 23 1 1
39 -13 23 1 1
39 -14 23 1 1
40 -13 23 1 1
40 -14 23 1 1
41 -13 23 1 1
41 -14 23 1 1
42 -13 23 1 1
42 -14 23 1 1
43 -13 23 1 1
43 -14 23 1 1
44 -13 23 1 1
44 -14 23 1 1
5 -12 23 0 1
5 -11 23 0 1
6 -12 23 0 1
6 -11 23 0 1
24 -12 24 1 1
7 -12 24 1 1
8 -12 24 1 1
8 -11 24 1 1
9 -12 24 1 1
9 -11 24 1 1
9 -10 24 1 1
10 -12 24 1 1
10 -11 24 1 1
10 -10 24 1 1
10 -9 24 1 1
11 -12 24 1 1
11 -11 24 1 1
11 -10 24 1 1
11 -9 24 1 1
11 -8 24 1 1
12 -12 24 1 1
12 -11 24 1 1
12 -10 24 1 1
12 -9 24 1 1
12 -8 24 1 1
12 -7 24 1 1
13 -12 24 1 1
13 -11 24 1 1
13 -10 24 1 1
13 -9 24 1 1
13 -8 24 1 1
13 -7 24 1 1
13 -6 24 1 1
14 -12 24 1 1
14 -11 24 1 1
14 -10 24 1 1
14 -9 24 1 1
14 -8 24 1 1
14 -7 24 1 1
14 -6 24 1 1
14 -5 24 1 1
15 -12 24 1 1
15 -11 24 1 1
15 -10 24 1 1
15 -9 24 1 1
15 -8 24 1 1
15 -7 24 1 1
15 -6 24 1 1
15 -5 24 1 1
24 -12 22 0 0
24 -11 22 0 0
24 -10 22 0 0
24 -9 22 0 0
24 -8 22 0 0
24 -7 22 0 0
24 -6 22 0 0
24 -5 22 0 0
24 -4 22 0 0
24 -3 22 0 0
24 -2 22 0 0
