167.5 -9 21 0 0
9.5 -7 10 0 0
12 -11 9 1 0
12 -10 9 1 0
13 -11 9 1 0
13 -10 9 1 0
104.5 -9 20 0 0
0 -13 23 1 1
0 -14 23 1 1
1 -13 23 1 1
1 -14 23 1 1
2 -13 23 1 1
2 -14 23 1 1
3 -13 23 1 1
3 -14 23 1 1
4 -13 23 1 1
4 -14 23 1 1
5 -13 23 1 1
5 -14 23 1 1
6 -13 23 1 1
6 -14 23 1 1
7 -13 23 1 1
7 -14 23 1 1
8 -13 23 1 1
8 -14 23 1 1
9 -13 23 1 1
9 -14 23 1 1
10 -13 23 1 1
10 -14 23 1 1
11 -13 23 1 1
11 -14 23 1 1
12 -13 23 1 1
12 -14 23 1 1
13 -13 23 1 1
13 -14 23 1 1
14 -13 23 1 1
14 -14 23 1 1
15 -13 23 1 1
15 -14 23 1 1
16 -13 23 1 1
16 -14 23 1 1
17 -13 23 1 1
17 -14 23 1 1
18 -13 23 1 1
18 -14 23 1 1
19 -13 23 1 1
19 -14 23 1 1
20 -13 23 1 1
20 -14 23 1 1
21 -13 23 1 1
21 -14 23 1 1
22 -13 23 1 1
22 -14 23 1 1
23 -13 23 1 1
23 -14 23 1 1
24 -13 23 1 1
24 -14 23 1 1
25 -13 23 1 1
25 -14 23 1 1
26 -13 23 1 1
26 -14 23 1 1
27 -13 23 1 1
27 -14 23 1 1
28 -13 23 1 1
28 -14 23 1 1
29 -13 23 1 1
29 -14 23 1 1
30 -13 23 1 1
30 -14 23 1 1
31 -13 23 1 1
31 -14 23 1 1
32 -13 23 1 1
32 -14 23 1 1
33 -13 23 1 1
33 -14 23 1 1
34 -13 23 1 1
34 -14 23 1 1
35 -13 23 1 1
35 -14 23 1 1
36 -13 23 1 1
36 -14 23 1 1
37 -13 23 1 1
37 -14 23 1 1
38 -13 23 1 1
38 -14 23 1 1
39 -13 23 1 1
39 -14 23 1 1
40 -13 23 1 1
40 -14 23 1 1
41 -13 23 1 1
41 -14 23 1 1
42 -13 23 1 1
42 -14 23 1 1
43 -13 23 1 1
43 -14 23 1 1
44 -13 23 1 1
44 -14 23 1 1
45 -13 23 1 1
45 -14 23 1 1
46 -13 23 1 1
46 -14 23 1 1
47 -13 23 1 1
47 -14 23 1 1
48 -13 23 1 1
48 -14 23 1 1
49 -13 23 1 1
49 -14 23 1 1
50 -13 23 1 1
50 -14 23 1 1
51 -13 23 1 1
51 -14 23 1 1
52 -13 23 1 1
52 -14 23 1 1
53 -13 23 1 1
53 -14 23 1 1
54 -13 23 1 1
54 -14 23 1 1
55 -13 23 1 1
55 -14 23 1 1
56 -13 23 1 1
56 -14 23 1 1
57 -13 23 1 1
57 -14 23 1 1
58 -13 23 1 1
58 -14 23 1 1
59 -13 23 1 1
59 -14 23 1 1
60 -13 23 1 1
60 -14 23 1 1
61 -13 23 1 1
61 -14 23 1 1
62 -13 23 1 1
62 -14 23 1 1
63 -13 23 1 1
63 -14 23 1 1
64 -13 23 1 1
64 -14 23 1 1
65 -13 23 1 1
65 -14 23 1 1
66 -13 23 1 1
66 -14 23 1 1
67 -13 23 1 1
67 -14 23 1 1
68 -13 23 1 1
68 -14 23 1 1
69 -13 23 1 1
69 -14 23 1 1
70 -13 23 1 1
70 -14 23 1 1
71 -13 23 1 1
71 -14 23 1 1
72 -13 23 1 1
72 -14 23 1 1
73 -13 23 1 1
73 -14 23 1 1
74 -13 23 1 1
74 -14 23 1 1
75 -13 23 1 1
75 -14 23 1 1
76 -13 23 1 1
76 -14 23 1 1
77 -13 23 1 1
77 -14 23 1 1
78 -13 23 1 1
78 -14 23 1 1
79 -13 23 1 1
79 -14 23 1 1
80 -13 23 1 1
80 -14 23 1 1
84 -13 23 1 1
84 -14 23 1 1
85 -13 23 1 1
85 -14 23 1 1
86 -13 23 1 1
86 -14 23 1 1
87 -13 23 1 1
87 -14 23 1 1
88 -13 23 1 1
88 -14 23 1 1
89 -13 23 1 1
89 -14 23 1 1
90 -13 23 1 1
90 -14 23 1 1
91 -13 23 1 1
91 -14 23 1 1
92 -13 23 1 1
92 -14 23 1 1
93 -13 23 1 1
93 -14 23 1 1
94 -13 23 1 1
94 -14 23 1 1
95 -13 23 1 1
95 -14 23 1 1
96 -13 23 1 1
96 -14 23 1 1
97 -13 23 1 1
97 -14 23 1 1
98 -13 23 1 1
98 -14 23 1 1
99 -13 23 1 1
99 -14 23 1 1
100 -13 23 1 1
100 -14 23 1 1
101 -13 23 1 1
101 -14 23 1 1
102 -13 23 1 1
102 -14 23 1 1
103 -13 23 1 1
103 -14 23 1 1
104 -13 23 1 1
104 -14 23 1 1
105 -13 23 1 1
105 -14 23 1 1
106 -13 23 1 1
106 -14 23 1 1
107 -13 23 1 1
107 -14 23 1 1
108 -13 23 1 1
108 -14 23 1 1
109 -13 23 1 1
109 -14 23 1 1
110 -13 23 1 1
110 -14 23 1 1
111 -13 23 1 1
111 -14 23 1 1
112 -13 23 1 1
112 -14 23 1 1
113 -13 23 1 1
113 -14 23 1 1
114 -13 23 1 1
114 -14 23 1 1
115 -13 23 1 1
115 -14 23 1 1
116 -13 23 1 1
116 -14 23 1 1
117 -13 23 1 1
117 -14 23 1 1
118 -13 23 1 1
118 -14 23 1 1
119 -13 23 1 1
119 -14 23 1 1
120 -13 23 1 1
120 -14 23 1 1
123 -13 23 1 1
123 -14 23 1 1
124 -13 23 1 1
124 -14 23 1 1
127 -13 23 1 1
127 -14 23 1 1
128 -13 23 1 1
128 -14 23 1 1
129 -13 23 1 1
129 -14 23 1 1
130 -13 23 1 1
130 -14 23 1 1
131 -13 23 1 1
131 -14 23 1 1
132 -13 23 1 1
132 -14 23 1 1
133 -13 23 1 1
133 -14 23 1 1
134 -13 23 1 1
134 -14 23 1 1
135 -13 23 1 1
135 -14 23 1 1
136 -13 23 1 1
136 -14 23 1 1
137 -13 23 1 1
137 -14 23 1 1
138 -13 23 1 1
138 -14 23 1 1
146 -13 23 1 1
146 -14 23 1 1
147 -13 23 1 1
147 -14 23 1 1
148 -13 23 1 1
148 -14 23 1 1
149 -13 23 1 1
149 -14 23 1 1
150 -13 23 1 1
150 -14 23 1 1
151 -13 23 1 1
151 -14 23 1 1
152 -13 23 1 1
152 -14 23 1 1
153 -13 23 1 1
153 -14 23 1 1
161 -13 23 1 1
161 -14 23 1 1
162 -13 23 1 1
162 -14 23 1 1
163 -13 23 1 1
163 -14 23 1 1
164 -13 23 1 1
164 -14 23 1 1
165 -13 23 1 1
165 -14 23 1 1
166 -13 23 1 1
166 -14 23 1 1
167 -13 23 1 1
167 -14 23 1 1
168 -13 23 1 1
168 -14 23 1 1
169 -13 23 1 1
169 -14 23 1 1
170 -13 23 1 1
170 -14 23 1 1
171 -13 23 1 1
171 -14 23 1 1
172 -13 23 1 1
172 -14 23 1 1
173 -13 23 1 1
173 -14 23 1 1
174 -13 23 1 1
174 -14 23 1 1
175 -13 23 1 1
175 -14 23 1 1
176 -13 23 1 1
176 -14 23 1 1
177 -13 23 1 1
177 -14 23 1 1
178 -13 23 1 1
178 -14 23 1 1
179 -13 23 1 1
179 -14 23 1 1
180 -13 23 1 1
180 -14 23 1 1
181 -13 23 1 1
181 -14 23 1 1
182 -13 23 1 1
182 -14 23 1 1
183 -13 23 1 1
183 -14 23 1 1
184 -13 23 1 1
184 -14 23 1 1
185 -13 23 1 1
185 -14 23 1 1
186 -13 23 1 1
186 -14 23 1 1
187 -13 23 1 1
187 -14 23 1 1
188 -13 23 1 1
188 -14 23 1 1
189 -13 23 1 1
189 -14 23 1 1
190 -13 23 1 1
190 -14 23 1 1
191 -13 23 1 1
191 -14 23 1 1
192 -13 23 1 1
192 -14 23 1 1
0 -2 6 1 1
0 -3 6 1 1
0 -4 6 1 1
0 -5 6 1 1
0 -6 6 1 1
0 -7 6 1 1
0 -8 6 1 1
0 -9 6 1 1
0 -10 6 1 1
0 -11 6 1 1
0 -12 6 1 1
6 -2 6 1 1
7 -2 6 1 1
8 -2 6 1 1
9 -2 6 1 1
10 -2 6 1 1
11 -2 6 1 1
12 -2 6 1 1
13 -2 6 1 1
14 -2 6 1 1
15 -2 6 1 1
16 -2 6 1 1
17 -2 6 1 1
18 -2 6 1 1
19 -2 6 1 1
20 -2 6 1 1
21 -2 6 1 1
22 -2 6 1 1
23 -2 6 1 1
24 -2 6 1 1
25 -2 6 1 1
26 -2 6 1 1
27 -2 6 1 1
28 -2 6 1 1
29 -2 6 1 1
30 -2 6 1 1
31 -2 6 1 1
32 -2 6 1 1
33 -2 6 1 1
34 -2 6 1 1
35 -2 6 1 1
36 -2 6 1 1
37 -2 6 1 1
38 -2 6 1 1
39 -2 6 1 1
40 -2 6 1 1
41 -2 6 1 1
42 -2 6 1 1
43 -2 6 1 1
44 -2 6 1 1
45 -2 6 1 1
46 -2 6 1 1
47 -2 6 1 1
48 -2 6 1 1
49 -2 6 1 1
50 -2 6 1 1
51 -2 6 1 1
52 -2 6 1 1
53 -2 6 1 1
54 -2 6 1 1
55 -2 6 1 1
56 -2 6 1 1
57 -2 6 1 1
58 -2 6 1 1
59 -2 6 1 1
60 -2 6 1 1
61 -2 6 1 1
62 -2 6 1 1
63 -2 6 1 1
64 -2 6 1 1
65 -2 6 1 1
66 -2 6 1 1
67 -2 6 1 1
68 -2 6 1 1
69 -2 6 1 1
70 -2 6 1 1
71 -2 6 1 1
72 -2 6 1 1
73 -2 6 1 1
74 -2 6 1 1
75 -2 6 1 1
76 -2 6 1 1
77 -2 6 1 1
78 -2 6 1 1
79 -2 6 1 1
80 -2 6 1 1
81 -2 6 1 1
82 -2 6 1 1
83 -2 6 1 1
84 -2 6 1 1
85 -2 6 1 1
86 -2 6 1 1
87 -2 6 1 1
88 -2 6 1 1
89 -2 6 1 1
90 -2 6 1 1
91 -2 6 1 1
92 -2 6 1 1
93 -2 6 1 1
94 -2 6 1 1
95 -2 6 1 1
96 -2 6 1 1
97 -2 6 1 1
98 -2 6 1 1
99 -2 6 1 1
100 -2 6 1 1
101 -2 6 1 1
102 -2 6 1 1
103 -2 6 1 1
104 -2 6 1 1
105 -2 6 1 1
106 -2 6 1 1
107 -2 6 1 1
108 -2 6 1 1
109 -2 6 1 1
110 -2 6 1 1
111 -2 6 1 1
112 -2 6 1 1
113 -2 6 1 1
114 -2 6 1 1
115 -2 6 1 1
116 -2 6 1 1
117 -2 6 1 1
118 -2 6 1 1
119 -2 6 1 1
120 -2 6 1 1
121 -2 6 1 1
122 -2 6 1 1
123 -2 6 1 1
124 -2 6 1 1
125 -2 6 1 1
126 -2 6 1 1
127 -2 6 1 1
128 -2 6 1 1
129 -2 6 1 1
130 -2 6 1 1
131 -2 6 1 1
132 -2 6 1 1
133 -2 6 1 1
134 -2 6 1 1
135 -2 6 1 1
136 -2 6 1 1
137 -2 6 1 1
138 -2 6 1 1
162 -2 6 1 1
163 -2 6 1 1
164 -2 6 1 1
165 -2 6 1 1
166 -2 6 1 1
167 -2 6 1 1
168 -2 6 1 1
17 -12 24 1 1
19 -12 24 1 1
19 -11 24 1 1
21 -12 24 1 1
21 -11 24 1 1
21 -10 24 1 1
23 -12 24 1 1
23 -11 24 1 1
23 -10 24 1 1
23 -9 24 1 1
25 -12 24 1 1
25 -11 24 1 1
25 -10 24 1 1
25 -9 24 1 1
27 -12 24 1 1
27 -11 24 1 1
27 -10 24 1 1
31 -12 24 1 1
31 -11 24 1 1
31 -10 24 1 1
33 -12 24 1 1
33 -11 24 1 1
29 -8 6 1 1
39 -7 6 1 1
39 -8 6 1 1
39 -9 6 1 1
41 -7 6 1 1
41 -8 6 1 1
41 -9 6 1 1
44 -7 6 1 1
44 -8 6 1 1
44 -9 6 1 1
46 -7 6 1 1
46 -8 6 1 1
46 -9 6 1 1
40 -9 6 1 1
45 -9 6 1 1
42 -7 6 1 1
43 -7 6 1 1
54 -3 6 1 1
54 -4 6 1 1
55 -3 6 1 1
55 -4 6 1 1
54 -9 6 1 1
54 -10 6 1 1
54 -11 6 1 1
55 -9 6 1 1
55 -10 6 1 1
55 -11 6 1 1
52 -5 6 1 1
52 -6 6 1 1
52 -7 6 1 1
52 -8 6 1 1
52 -9 6 1 1
52 -10 6 1 1
53 -5 6 1 1
53 -6 6 1 1
53 -7 6 1 1
53 -8 6 1 1
53 -9 6 1 1
53 -10 6 1 1
58 -3 6 1 1
58 -4 6 1 1
58 -9 6 1 1
59 -3 6 1 1
59 -4 6 1 1
59 -9 6 1 1
60 -3 6 1 1
60 -4 6 1 1
60 -9 6 1 1
61 -3 6 1 1
61 -4 6 1 1
61 -9 6 1 1
62 -3 6 1 1
62 -4 6 1 1
62 -5 6 1 1
62 -6 6 1 1
62 -7 6 1 1
62 -8 6 1 1
62 -9 6 1 1
63 -3 6 1 1
63 -4 6 1 1
63 -5 6 1 1
63 -6 6 1 1
63 -7 6 1 1
63 -8 6 1 1
63 -9 6 1 1
66 -3 6 1 1
66 -4 6 1 1
67 -3 6 1 1
67 -4 6 1 1
68 -3 6 1 1
68 -4 6 1 1
69 -3 6 1 1
69 -4 6 1 1
67 -5 6 1 1
67 -6 6 1 1
67 -7 6 1 1
67 -8 6 1 1
67 -9 6 1 1
68 -9 6 1 1
69 -9 6 1 1
69 -8 6 1 1
72 -5 6 1 1
72 -6 6 1 1
72 -7 6 1 1
72 -8 6 1 1
72 -9 6 1 1
73 -5 6 1 1
73 -6 6 1 1
73 -7 6 1 1
73 -8 6 1 1
73 -9 6 1 1
76 -3 6 1 1
76 -4 6 1 1
77 -3 6 1 1
77 -4 6 1 1
78 -3 6 1 1
78 -4 6 1 1
79 -3 6 1 1
79 -4 6 1 1
80 -3 6 1 1
80 -4 6 1 1
76 -9 6 1 1
77 -9 6 1 1
78 -9 6 1 1
79 -9 6 1 1
80 -9 6 1 1
85 -7 6 1 1
85 -8 6 1 1
86 -7 6 1 1
86 -8 6 1 1
87 -7 6 1 1
87 -8 6 1 1
88 -7 6 1 1
88 -8 6 1 1
89 -7 6 1 1
89 -8 6 1 1
90 -7 6 1 1
90 -8 6 1 1
123 -10 6 1 1
123 -11 6 1 1
123 -12 6 1 1
124 -10 6 1 1
124 -11 6 1 1
124 -12 6 1 1
146 -8 6 1 1
147 -8 6 1 1
148 -8 6 1 1
149 -8 6 1 1
150 -8 6 1 1
151 -8 6 1 1
134 -12 24 1 1
135 -12 24 1 1
135 -11 24 1 1
136 -12 24 1 1
136 -11 24 1 1
136 -10 24 1 1
137 -12 24 1 1
137 -11 24 1 1
137 -10 24 1 1
137 -9 24 1 1
138 -12 24 1 1
138 -11 24 1 1
138 -10 24 1 1
138 -9 24 1 1
161 -10 6 1 1
161 -11 6 1 1
161 -12 6 1 1
162 -10 6 1 1
162 -11 6 1 1
162 -12 6 1 1
163 -10 6 1 1
163 -11 6 1 1
163 -12 6 1 1
164 -10 6 1 1
164 -11 6 1 1
164 -12 6 1 1
165 -10 6 1 1
165 -11 6 1 1
165 -12 6 1 1
166 -10 6 1 1
166 -11 6 1 1
166 -12 6 1 1
167 -10 6 1 1
167 -11 6 1 1
167 -12 6 1 1
168 -10 6 1 1
168 -11 6 1 1
168 -12 6 1 1
169 -10 6 1 1
169 -11 6 1 1
169 -12 6 1 1
170 -10 6 1 1
170 -11 6 1 1
170 -12 6 1 1
171 -10 6 1 1
171 -11 6 1 1
171 -12 6 1 1
172 -10 6 1 1
172 -11 6 1 1
172 -12 6 1 1
173 -10 6 1 1
173 -11 6 1 1
173 -12 6 1 1
174 -10 6 1 1
174 -11 6 1 1
174 -12 6 1 1
175 -10 6 1 1
175 -11 6 1 1
175 -12 6 1 1
176 -10 6 1 1
176 -11 6 1 1
176 -12 6 1 1
177 -10 6 1 1
177 -11 6 1 1
177 -12 6 1 1
171 -2 6 1 1
171 -3 6 1 1
171 -4 6 1 1
171 -5 6 1 1
171 -6 6 1 1
171 -7 6 1 1
171 -8 6 1 1
171 -9 6 1 1
172 -2 6 1 1
172 -3 6 1 1
172 -4 6 1 1
172 -5 6 1 1
172 -6 6 1 1
172 -7 6 1 1
172 -8 6 1 1
172 -9 6 1 1
173 -2 6 1 1
173 -3 6 1 1
173 -4 6 1 1
173 -5 6 1 1
173 -6 6 1 1
173 -7 6 1 1
173 -8 6 1 1
173 -9 6 1 1
174 -2 6 1 1
174 -3 6 1 1
174 -4 6 1 1
174 -5 6 1 1
174 -6 6 1 1
174 -7 6 1 1
174 -8 6 1 1
174 -9 6 1 1
175 -2 6 1 1
175 -3 6 1 1
175 -4 6 1 1
175 -5 6 1 1
175 -6 6 1 1
175 -7 6 1 1
175 -8 6 1 1
175 -9 6 1 1
176 -2 6 1 1
176 -3 6 1 1
176 -4 6 1 1
176 -5 6 1 1
176 -6 6 1 1
176 -7 6 1 1
176 -8 6 1 1
176 -9 6 1 1
177 -2 6 1 1
177 -3 6 1 1
177 -4 6 1 1
177 -5 6 1 1
177 -6 6 1 1
177 -7 6 1 1
177 -8 6 1 1
177 -9 6 1 1
104 -12 6 0 1
104 -11 6 0 1
104 -10 6 0 1
105 -12 6 0 1
105 -11 6 0 1
105 -10 6 0 1
110 -12 6 0 1
110 -11 6 0 1
110 -10 6 0 1
110 -9 6 0 1
111 -12 6 0 1
111 -11 6 0 1
111 -10 6 0 1
111 -9 6 0 1
116 -12 6 0 1
116 -11 6 0 1
117 -12 6 0 1
117 -11 6 0 1
170 -12 6 0 1
170 -11 6 0 1
170 -10 6 0 1
170 -9 6 0 1
170 -8 6 0 1
170 -7 6 0 1
170 -6 6 0 1
170 -5 6 0 1
168 -8 6 0 1
169 -8 6 0 1
167 -8 6 0 1
10 -9 7 1 1 null
11 -9 7 1 1 null
12 -9 7 1 1 null
13 -9 7 1 1 null
14 -9 7 1 1 null
142 0 25 1 0
142 -8 25 1 0
157 -0 25 1 1
157 -9 25 1 1