9.5 -7 10 0 0
204 -12 6 0 0
204 -11 6 0 0
57.5 -8 6 0 0
198 -12 6 0 0
198 -11 6 0 0
198 -10 6 0 0
198 -9 6 0 0
198 -8 6 0 0
198 -7 6 0 0
198 -6 6 0 0
198 -5 6 0 0
198 -4 6 0 0
198 -3 6 0 0
198 -2 6 0 0
0 -13 6 0 1
0 -14 6 0 1
1 -13 6 0 1
1 -14 6 0 1
2 -13 6 0 1
2 -14 6 0 1
3 -13 6 0 1
3 -14 6 0 1
4 -13 6 0 1
4 -14 6 0 1
5 -13 6 0 1
5 -14 6 0 1
6 -13 6 0 1
6 -14 6 0 1
7 -13 6 0 1
7 -14 6 0 1
8 -13 6 0 1
8 -14 6 0 1
9 -13 6 0 1
9 -14 6 0 1
10 -13 6 0 1
10 -14 6 0 1
11 -13 6 0 1
11 -14 6 0 1
12 -13 6 0 1
12 -14 6 0 1
13 -13 6 0 1
13 -14 6 0 1
14 -13 6 0 1
14 -14 6 0 1
15 -13 6 0 1
15 -14 6 0 1
16 -13 6 0 1
16 -14 6 0 1
17 -13 6 0 1
17 -14 6 0 1
18 -13 6 0 1
18 -14 6 0 1
19 -13 6 0 1
19 -14 6 0 1
20 -13 6 0 1
20 -14 6 0 1
21 -13 6 0 1
21 -14 6 0 1
22 -13 6 0 1
22 -14 6 0 1
23 -13 6 0 1
23 -14 6 0 1
24 -13 6 0 1
24 -14 6 0 1
25 -13 6 0 1
25 -14 6 0 1
26 -13 6 0 1
26 -14 6 0 1
27 -13 6 0 1
27 -14 6 0 1
28 -13 6 0 1
28 -14 6 0 1
29 -13 6 0 1
29 -14 6 0 1
30 -13 6 0 1
30 -14 6 0 1
31 -13 6 0 1
31 -14 6 0 1
32 -13 6 0 1
32 -14 6 0 1
33 -13 6 0 1
33 -14 6 0 1
34 -13 6 0 1
34 -14 6 0 1
35 -13 6 0 1
35 -14 6 0 1
36 -13 6 0 1
36 -14 6 0 1
37 -13 6 0 1
37 -14 6 0 1
38 -13 6 0 1
38 -14 6 0 1
39 -13 6 0 1
39 -14 6 0 1
40 -13 6 0 1
40 -14 6 0 1
41 -13 6 0 1
41 -14 6 0 1
42 -13 6 0 1
42 -14 6 0 1
43 -13 6 0 1
43 -14 6 0 1
44 -13 6 0 1
44 -14 6 0 1
45 -13 6 0 1
45 -14 6 0 1
46 -13 6 0 1
46 -14 6 0 1
47 -13 6 0 1
47 -14 6 0 1
48 -13 6 0 1
48 -14 6 0 1
49 -13 6 0 1
49 -14 6 0 1
50 -13 6 0 1
50 -14 6 0 1
51 -13 6 0 1
51 -14 6 0 1
52 -13 6 0 1
52 -14 6 0 1
53 -13 6 0 1
53 -14 6 0 1
54 -13 6 0 1
54 -14 6 0 1
55 -13 6 0 1
55 -14 6 0 1
56 -13 6 0 1
56 -14 6 0 1
57 -13 6 0 1
57 -14 6 0 1
58 -13 6 0 1
58 -14 6 0 1
59 -13 6 0 1
59 -14 6 0 1
60 -13 6 0 1
60 -14 6 0 1
61 -13 6 0 1
61 -14 6 0 1
62 -13 6 0 1
62 -14 6 0 1
63 -13 6 0 1
63 -14 6 0 1
64 -13 6 0 1
64 -14 6 0 1
65 -13 6 0 1
65 -14 6 0 1
66 -13 6 0 1
66 -14 6 0 1
67 -13 6 0 1
67 -14 6 0 1
68 -13 6 0 1
68 -14 6 0 1
71 -13 6 0 1
71 -14 6 0 1
72 -13 6 0 1
72 -14 6 0 1
73 -13 6 0 1
73 -14 6 0 1
74 -13 6 0 1
74 -14 6 0 1
75 -13 6 0 1
75 -14 6 0 1
76 -13 6 0 1
76 -14 6 0 1
77 -13 6 0 1
77 -14 6 0 1
78 -13 6 0 1
78 -14 6 0 1
79 -13 6 0 1
79 -14 6 0 1
80 -13 6 0 1
80 -14 6 0 1
81 -13 6 0 1
81 -14 6 0 1
82 -13 6 0 1
82 -14 6 0 1
83 -13 6 0 1
83 -14 6 0 1
84 -13 6 0 1
84 -14 6 0 1
85 -13 6 0 1
85 -14 6 0 1
89 -13 6 0 1
89 -14 6 0 1
90 -13 6 0 1
90 -14 6 0 1
91 -13 6 0 1
91 -14 6 0 1
92 -13 6 0 1
92 -14 6 0 1
93 -13 6 0 1
93 -14 6 0 1
94 -13 6 0 1
94 -14 6 0 1
95 -13 6 0 1
95 -14 6 0 1
96 -13 6 0 1
96 -14 6 0 1
97 -13 6 0 1
97 -14 6 0 1
98 -13 6 0 1
98 -14 6 0 1
99 -13 6 0 1
99 -14 6 0 1
100 -13 6 0 1
100 -14 6 0 1
101 -13 6 0 1
101 -14 6 0 1
102 -13 6 0 1
102 -14 6 0 1
103 -13 6 0 1
103 -14 6 0 1
104 -13 6 0 1
104 -14 6 0 1
105 -13 6 0 1
105 -14 6 0 1
106 -13 6 0 1
106 -14 6 0 1
107 -13 6 0 1
107 -14 6 0 1
108 -13 6 0 1
108 -14 6 0 1
109 -13 6 0 1
109 -14 6 0 1
110 -13 6 0 1
110 -14 6 0 1
111 -13 6 0 1
111 -14 6 0 1
112 -13 6 0 1
112 -14 6 0 1
113 -13 6 0 1
113 -14 6 0 1
114 -13 6 0 1
114 -14 6 0 1
115 -13 6 0 1
115 -14 6 0 1
116 -13 6 0 1
116 -14 6 0 1
117 -13 6 0 1
117 -14 6 0 1
118 -13 6 0 1
118 -14 6 0 1
119 -13 6 0 1
119 -14 6 0 1
120 -13 6 0 1
120 -14 6 0 1
121 -13 6 0 1
121 -14 6 0 1
122 -13 6 0 1
122 -14 6 0 1
123 -13 6 0 1
123 -14 6 0 1
124 -13 6 0 1
124 -14 6 0 1
125 -13 6 0 1
125 -14 6 0 1
126 -13 6 0 1
126 -14 6 0 1
127 -13 6 0 1
127 -14 6 0 1
128 -13 6 0 1
128 -14 6 0 1
129 -13 6 0 1
129 -14 6 0 1
130 -13 6 0 1
130 -14 6 0 1
131 -13 6 0 1
131 -14 6 0 1
132 -13 6 0 1
132 -14 6 0 1
133 -13 6 0 1
133 -14 6 0 1
134 -13 6 0 1
134 -14 6 0 1
135 -13 6 0 1
135 -14 6 0 1
136 -13 6 0 1
136 -14 6 0 1
137 -13 6 0 1
137 -14 6 0 1
138 -13 6 0 1
138 -14 6 0 1
139 -13 6 0 1
139 -14 6 0 1
140 -13 6 0 1
140 -14 6 0 1
141 -13 6 0 1
141 -14 6 0 1
142 -13 6 0 1
142 -14 6 0 1
143 -13 6 0 1
143 -14 6 0 1
144 -13 6 0 1
144 -14 6 0 1
145 -13 6 0 1
145 -14 6 0 1
146 -13 6 0 1
146 -14 6 0 1
147 -13 6 0 1
147 -14 6 0 1
148 -13 6 0 1
148 -14 6 0 1
149 -13 6 0 1
149 -14 6 0 1
150 -13 6 0 1
150 -14 6 0 1
151 -13 6 0 1
151 -14 6 0 1
152 -13 6 0 1
152 -14 6 0 1
155 -13 6 0 1
155 -14 6 0 1
156 -13 6 0 1
156 -14 6 0 1
157 -13 6 0 1
157 -14 6 0 1
158 -13 6 0 1
158 -14 6 0 1
159 -13 6 0 1
159 -14 6 0 1
160 -13 6 0 1
160 -14 6 0 1
161 -13 6 0 1
161 -14 6 0 1
162 -13 6 0 1
162 -14 6 0 1
163 -13 6 0 1
163 -14 6 0 1
164 -13 6 0 1
164 -14 6 0 1
165 -13 6 0 1
165 -14 6 0 1
166 -13 6 0 1
166 -14 6 0 1
167 -13 6 0 1
167 -14 6 0 1
168 -13 6 0 1
168 -14 6 0 1
169 -13 6 0 1
169 -14 6 0 1
170 -13 6 0 1
170 -14 6 0 1
171 -13 6 0 1
171 -14 6 0 1
172 -13 6 0 1
172 -14 6 0 1
173 -13 6 0 1
173 -14 6 0 1
174 -13 6 0 1
174 -14 6 0 1
175 -13 6 0 1
175 -14 6 0 1
176 -13 6 0 1
176 -14 6 0 1
177 -13 6 0 1
177 -14 6 0 1
178 -13 6 0 1
178 -14 6 0 1
179 -13 6 0 1
179 -14 6 0 1
180 -13 6 0 1
180 -14 6 0 1
181 -13 6 0 1
181 -14 6 0 1
182 -13 6 0 1
182 -14 6 0 1
183 -13 6 0 1
183 -14 6 0 1
184 -13 6 0 1
184 -14 6 0 1
185 -13 6 0 1
185 -14 6 0 1
186 -13 6 0 1
186 -14 6 0 1
187 -13 6 0 1
187 -14 6 0 1
188 -13 6 0 1
188 -14 6 0 1
189 -13 6 0 1
189 -14 6 0 1
190 -13 6 0 1
190 -14 6 0 1
191 -13 6 0 1
191 -14 6 0 1
192 -13 6 0 1
192 -14 6 0 1
193 -13 6 0 1
193 -14 6 0 1
194 -13 6 0 1
194 -14 6 0 1
195 -13 6 0 1
195 -14 6 0 1
196 -13 6 0 1
196 -14 6 0 1
197 -13 6 0 1
197 -14 6 0 1
198 -13 6 0 1
198 -14 6 0 1
199 -13 6 0 1
199 -14 6 0 1
200 -13 6 0 1
200 -14 6 0 1
201 -13 6 0 1
201 -14 6 0 1
202 -13 6 0 1
202 -14 6 0 1
203 -13 6 0 1
203 -14 6 0 1
204 -13 6 0 1
204 -14 6 0 1
205 -13 6 0 1
205 -14 6 0 1
206 -13 6 0 1
206 -14 6 0 1
207 -13 6 0 1
207 -14 6 0 1
208 -13 6 0 1
208 -14 6 0 1
209 -13 6 0 1
209 -14 6 0 1
210 -13 6 0 1
210 -14 6 0 1
211 -13 6 0 1
211 -14 6 0 1
212 -13 6 0 1
212 -14 6 0 1
213 -13 6 0 1
213 -14 6 0 1
214 -13 6 0 1
214 -14 6 0 1
215 -13 6 0 1
215 -14 6 0 1
216 -13 6 0 1
216 -14 6 0 1
217 -13 6 0 1
217 -14 6 0 1
218 -13 6 0 1
218 -14 6 0 1
219 -13 6 0 1
219 -14 6 0 1
220 -13 6 0 1
220 -14 6 0 1
221 -13 6 0 1
221 -14 6 0 1
222 -13 6 0 1
222 -14 6 0 1
223 -13 6 0 1
223 -14 6 0 1
198 -12 6 0 1
28 -12 6 0 1
29 -12 6 0 1
28 -11 6 0 1
29 -11 6 0 1
38 -12 6 0 1
39 -12 6 0 1
38 -11 6 0 1
39 -11 6 0 1
38 -10 6 0 1
39 -10 6 0 1
46 -12 6 0 1
47 -12 6 0 1
46 -11 6 0 1
47 -11 6 0 1
46 -10 6 0 1
47 -10 6 0 1
46 -9 6 0 1
47 -9 6 0 1
57 -12 6 0 1
58 -12 6 0 1
57 -11 6 0 1
58 -11 6 0 1
57 -10 6 0 1
58 -10 6 0 1
57 -9 6 0 1
58 -9 6 0 1
163 -12 6 0 1
164 -12 6 0 1
163 -11 6 0 1
164 -11 6 0 1
179 -12 6 0 1
180 -12 6 0 1
179 -11 6 0 1
180 -11 6 0 1
-1 0 6 0 1
-1 -1 6 0 1
-1 -2 6 0 1
-1 -3 6 0 1
-1 -4 6 0 1
-1 -5 6 0 1
-1 -6 6 0 1
-1 -7 6 0 1
-1 -8 6 0 1
-1 -9 6 0 1
-1 -10 6 0 1
-1 -11 6 0 1
-1 -12 6 0 1
-1 -13 6 0 1
-1 -14 6 0 1
16 -9 7 1 1
22 -5 7 1 1
21 -9 7 1 1
23 -9 7 1 1
78 -9 7 1 1
95 -5 7 1 1
106 -9 7 1 1
109 -9 7 1 1
112 -9 7 1 1
109 -5 7 1 1
129 -5 7 1 1
130 -5 7 1 1
170 -9 7 1 1
20 -9 6 1 1
22 -9 6 1 1
24 -9 6 1 1
77 -9 6 1 1
79 -9 6 1 1
80 -5 6 1 1
81 -5 6 1 1
82 -5 6 1 1
83 -5 6 1 1
84 -5 6 1 1
85 -5 6 1 1
86 -5 6 1 1
87 -5 6 1 1
91 -5 6 1 1
92 -5 6 1 1
93 -5 6 1 1
94 -5 6 1 1
94 -9 6 1 1
100 -9 6 1 1
101 -9 6 1 1
119 -9 6 1 1
121 -5 6 1 1
122 -5 6 1 1
123 -5 6 1 1
124 -5 6 1 1
129 -9 6 1 1
130 -9 6 1 1
128 -5 6 1 1
131 -5 6 1 1
168 -9 6 1 1
169 -9 6 1 1
171 -9 6 1 1
134 -12 6 1 1
143 -12 6 1 1
158 -12 6 1 1
135 -12 6 1 1
142 -12 6 1 1
157 -12 6 1 1
136 -12 6 1 1
141 -12 6 1 1
156 -12 6 1 1
137 -12 6 1 1
140 -12 6 1 1
155 -12 6 1 1
135 -11 6 1 1
142 -11 6 1 1
157 -11 6 1 1
136 -11 6 1 1
141 -11 6 1 1
156 -11 6 1 1
137 -11 6 1 1
140 -11 6 1 1
155 -11 6 1 1
136 -10 6 1 1
141 -10 6 1 1
156 -10 6 1 1
137 -10 6 1 1
140 -10 6 1 1
155 -10 6 1 1
137 -9 6 1 1
140 -9 6 1 1
155 -9 6 1 1
148 -12 6 1 1
149 -12 6 1 1
150 -12 6 1 1
151 -12 6 1 1
152 -12 6 1 1
149 -11 6 1 1
150 -11 6 1 1
151 -11 6 1 1
152 -11 6 1 1
150 -10 6 1 1
151 -10 6 1 1
152 -10 6 1 1
151 -9 6 1 1
152 -9 6 1 1
181 -12 6 1 1
182 -12 6 1 1
183 -12 6 1 1
184 -12 6 1 1
185 -12 6 1 1
186 -12 6 1 1
187 -12 6 1 1
188 -12 6 1 1
189 -12 6 1 1
182 -11 6 1 1
183 -11 6 1 1
184 -11 6 1 1
185 -11 6 1 1
186 -11 6 1 1
187 -11 6 1 1
188 -11 6 1 1
189 -11 6 1 1
183 -10 6 1 1
184 -10 6 1 1
185 -10 6 1 1
186 -10 6 1 1
187 -10 6 1 1
188 -10 6 1 1
189 -10 6 1 1
184 -9 6 1 1
185 -9 6 1 1
186 -9 6 1 1
187 -9 6 1 1
188 -9 6 1 1
189 -9 6 1 1
185 -8 6 1 1
186 -8 6 1 1
187 -8 6 1 1
188 -8 6 1 1
189 -8 6 1 1
186 -7 6 1 1
187 -7 6 1 1
188 -7 6 1 1
189 -7 6 1 1
187 -6 6 1 1
188 -6 6 1 1
189 -6 6 1 1
188 -5 6 1 1
189 -5 6 1 1
12 -11 9 1 0
12 -10 9 1 0
13 -11 9 1 0
13 -10 9 1 0
14 -11 9 1 0
14 -10 9 1 0
15 -11 9 1 0
15 -10 9 1 0
16 -11 9 1 0
16 -10 9 1 0
17 -11 9 1 0
17 -10 9 1 0
18 -11 9 1 0
18 -10 9 1 0
19 -11 9 1 0
19 -10 9 1 0
20 -11 9 1 0
20 -10 9 1 0
21 -11 9 1 0
21 -10 9 1 0
64 -8 8 0 0
5 -13 11 1 0
0 -7 17 1 1
2 -7 18 1 1
3 -7 18 1 1
4 -7 18 1 1
6 -7 19 1 1
