9.5 -7 10 0 0
0 -2 23 0 1
1 -2 23 0 1
2 -2 23 0 1
3 -2 23 0 1
4 -2 23 0 1
5 -2 23 0 1
6 -2 23 0 1
7 -2 23 0 1
8 -2 23 0 1
9 -2 23 0 1
10 -2 23 0 1
11 -2 23 0 1
12 -2 23 0 1
13 -2 23 0 1
14 -2 23 0 1
15 -2 23 0 1
16 -2 23 0 1
17 -2 23 0 1
18 -2 23 0 1
19 -2 23 0 1
20 -2 23 0 1
21 -2 23 0 1
22 -2 23 0 1
23 -2 23 0 1
24 -2 23 0 1
25 -2 23 0 1
26 -2 23 0 1
27 -2 23 0 1
28 -2 23 0 1
29 -2 23 0 1
30 -2 23 0 1
31 -2 23 0 1
32 -2 23 0 1
33 -2 23 0 1
34 -2 23 0 1
35 -2 23 0 1
36 -2 23 0 1
37 -2 23 0 1
38 -2 23 0 1
39 -2 23 0 1
40 -2 23 0 1
41 -2 23 0 1
42 -2 23 0 1
43 -2 23 0 1
44 -2 23 0 1
45 -2 23 0 1
46 -2 23 0 1
47 -2 23 0 1
48 -2 23 0 1
49 -2 23 0 1
50 -2 23 0 1
51 -2 23 0 1
52 -2 23 0 1
53 -2 23 0 1
54 -2 23 0 1
55 -2 23 0 1
56 -2 23 0 1
57 -2 23 0 1
58 -2 23 0 1
59 -2 23 0 1
60 -2 23 0 1
61 -2 23 0 1
62 -2 23 0 1
63 -2 23 0 1
64 -2 23 0 1
65 -2 23 0 1
66 -2 23 0 1
67 -2 23 0 1
68 -2 23 0 1
69 -2 23 0 1
70 -2 23 0 1
71 -2 23 0 1
72 -2 23 0 1
73 -2 23 0 1
74 -2 23 0 1
75 -2 23 0 1
76 -2 23 0 1
77 -2 23 0 1
78 -2 23 0 1
79 -2 23 0 1
80 -2 23 0 1
81 -2 23 0 1
82 -2 23 0 1
83 -2 23 0 1
84 -2 23 0 1
85 -2 23 0 1
86 -2 23 0 1
87 -2 23 0 1
88 -2 23 0 1
89 -2 23 0 1
90 -2 23 0 1
91 -2 23 0 1
92 -2 23 0 1
93 -2 23 0 1
94 -2 23 0 1
95 -2 23 0 1
96 -2 23 0 1
97 -2 23 0 1
98 -2 23 0 1
99 -2 23 0 1
100 -2 23 0 1
101 -2 23 0 1
102 -2 23 0 1
103 -2 23 0 1
104 -2 23 0 1
105 -2 23 0 1
106 -2 23 0 1
107 -2 23 0 1
108 -2 23 0 1
109 -2 23 0 1
110 -2 23 0 1
111 -2 23 0 1
112 -2 23 0 1
113 -2 23 0 1
114 -2 23 0 1
115 -2 23 0 1
116 -2 23 0 1
117 -2 23 0 1
118 -2 23 0 1
119 -2 23 0 1
120 -2 23 0 1
121 -2 23 0 1
122 -2 23 0 1
123 -2 23 0 1
124 -2 23 0 1
125 -2 23 0 1
126 -2 23 0 1
127 -2 23 0 1
128 -2 23 0 1
129 -2 23 0 1
130 -2 23 0 1
131 -2 23 0 1
132 -2 23 0 1
133 -2 23 0 1
134 -2 23 0 1
135 -2 23 0 1
136 -2 23 0 1
137 -2 23 0 1
138 -2 23 0 1
139 -2 23 0 1
140 -2 23 0 1
141 -2 23 0 1
142 -2 23 0 1
143 -2 23 0 1
144 -2 23 0 1
145 -2 23 0 1
146 -2 23 0 1
147 -2 23 0 1
148 -2 23 0 1
149 -2 23 0 1
150 -2 23 0 1
151 -2 23 0 1
152 -2 23 0 1
153 -2 23 0 1
154 -2 23 0 1
155 -2 23 0 1
156 -2 23 0 1
157 -2 23 0 1
158 -2 23 0 1
159 -2 23 0 1
0 -3 23 0 1
0 -4 23 0 1
1 -3 23 0 1
1 -4 23 0 1
2 -3 23 0 1
2 -4 23 0 1
3 -3 23 0 1
3 -4 23 0 1
4 -3 23 0 1
4 -4 23 0 1
5 -3 23 0 1
5 -4 23 0 1
6 -3 23 0 1
6 -4 23 0 1
7 -3 23 0 1
7 -4 23 0 1
8 -3 23 0 1
8 -4 23 0 1
9 -3 23 0 1
9 -4 23 0 1
10 -3 23 0 1
10 -4 23 0 1
11 -3 23 0 1
11 -4 23 0 1
12 -3 23 0 1
12 -4 23 0 1
13 -3 23 0 1
13 -4 23 0 1
14 -3 23 0 1
14 -4 23 0 1
15 -3 23 0 1
15 -4 23 0 1
16 -3 23 0 1
16 -4 23 0 1
17 -3 23 0 1
17 -4 23 0 1
18 -3 23 0 1
18 -4 23 0 1
19 -3 23 0 1
19 -4 23 0 1
20 -3 23 0 1
20 -4 23 0 1
21 -3 23 0 1
21 -4 23 0 1
22 -3 23 0 1
22 -4 23 0 1
23 -3 23 0 1
23 -4 23 0 1
23 -5 23 0 1
0 -10 23 0 1
0 -11 23 0 1
0 -12 23 0 1
0 -13 23 0 1
0 -14 23 0 1
1 -10 23 0 1
1 -11 23 0 1
1 -12 23 0 1
1 -13 23 0 1
1 -14 23 0 1
2 -10 23 0 1
2 -11 23 0 1
2 -12 23 0 1
2 -13 23 0 1
2 -14 23 0 1
3 -10 23 0 1
3 -11 23 0 1
3 -12 23 0 1
3 -13 23 0 1
3 -14 23 0 1
4 -10 23 0 1
4 -11 23 0 1
4 -12 23 0 1
4 -13 23 0 1
4 -14 23 0 1
5 -10 23 0 1
5 -11 23 0 1
5 -12 23 0 1
5 -13 23 0 1
5 -14 23 0 1
6 -10 23 0 1
6 -11 23 0 1
6 -12 23 0 1
6 -13 23 0 1
6 -14 23 0 1
7 -10 23 0 1
7 -11 23 0 1
7 -12 23 0 1
7 -13 23 0 1
7 -14 23 0 1
8 -10 23 0 1
8 -11 23 0 1
8 -12 23 0 1
8 -13 23 0 1
8 -14 23 0 1
9 -10 23 0 1
9 -11 23 0 1
9 -12 23 0 1
9 -13 23 0 1
9 -14 23 0 1
10 -10 23 0 1
10 -11 23 0 1
10 -12 23 0 1
10 -13 23 0 1
10 -14 23 0 1
11 -10 23 0 1
11 -11 23 0 1
11 -12 23 0 1
11 -13 23 0 1
11 -14 23 0 1
12 -10 23 0 1
12 -11 23 0 1
12 -12 23 0 1
12 -13 23 0 1
12 -14 23 0 1
0 -7 23 0 1
1 -7 23 0 1
2 -7 23 0 1
0 -8 23 0 1
1 -8 23 0 1
2 -8 23 0 1
3 -8 23 0 1
0 -9 23 0 1
1 -9 23 0 1
2 -9 23 0 1
3 -9 23 0 1
4 -9 23 0 1
15 -10 23 0 1
15 -11 23 0 1
15 -12 23 0 1
15 -13 23 0 1
15 -14 23 0 1
16 -10 23 0 1
16 -11 23 0 1
16 -12 23 0 1
16 -13 23 0 1
16 -14 23 0 1
17 -10 23 0 1
17 -11 23 0 1
17 -12 23 0 1
17 -13 23 0 1
17 -14 23 0 1
18 -10 23 0 1
18 -11 23 0 1
18 -12 23 0 1
18 -13 23 0 1
18 -14 23 0 1
19 -10 23 0 1
19 -11 23 0 1
19 -12 23 0 1
19 -13 23 0 1
19 -14 23 0 1
20 -10 23 0 1
20 -11 23 0 1
20 -12 23 0 1
20 -13 23 0 1
20 -14 23 0 1
21 -10 23 0 1
21 -11 23 0 1
21 -12 23 0 1
21 -13 23 0 1
21 -14 23 0 1
22 -10 23 0 1
22 -11 23 0 1
22 -12 23 0 1
22 -13 23 0 1
22 -14 23 0 1
23 -10 23 0 1
23 -11 23 0 1
23 -12 23 0 1
23 -13 23 0 1
23 -14 23 0 1
24 -10 23 0 1
24 -11 23 0 1
24 -12 23 0 1
24 -13 23 0 1
24 -14 23 0 1
25 -10 23 0 1
25 -11 23 0 1
25 -12 23 0 1
25 -13 23 0 1
25 -14 23 0 1
19 -10 23 0 1
19 -11 23 0 1
19 -12 23 0 1
19 -13 23 0 1
19 -14 23 0 1
20 -10 23 0 1
20 -11 23 0 1
20 -12 23 0 1
20 -13 23 0 1
20 -14 23 0 1
21 -10 23 0 1
21 -11 23 0 1
21 -12 23 0 1
21 -13 23 0 1
21 -14 23 0 1
22 -10 23 0 1
22 -11 23 0 1
22 -12 23 0 1
22 -13 23 0 1
22 -14 23 0 1
23 -10 23 0 1
23 -11 23 0 1
23 -12 23 0 1
23 -13 23 0 1
23 -14 23 0 1
24 -10 23 0 1
24 -11 23 0 1
24 -12 23 0 1
24 -13 23 0 1
24 -14 23 0 1
25 -10 23 0 1
25 -11 23 0 1
25 -12 23 0 1
25 -13 23 0 1
25 -14 23 0 1
26 -10 23 0 1
26 -11 23 0 1
26 -12 23 0 1
26 -13 23 0 1
26 -14 23 0 1
27 -10 23 0 1
27 -11 23 0 1
27 -12 23 0 1
27 -13 23 0 1
27 -14 23 0 1
28 -10 23 0 1
28 -11 23 0 1
28 -12 23 0 1
28 -13 23 0 1
28 -14 23 0 1
29 -10 23 0 1
29 -11 23 0 1
29 -12 23 0 1
29 -13 23 0 1
29 -14 23 0 1
30 -10 23 0 1
30 -11 23 0 1
30 -12 23 0 1
30 -13 23 0 1
30 -14 23 0 1
31 -10 23 0 1
31 -11 23 0 1
31 -12 23 0 1
31 -13 23 0 1
31 -14 23 0 1
35 -9 23 0 1
35 -10 23 0 1
35 -11 23 0 1
35 -12 23 0 1
35 -13 23 0 1
35 -14 23 0 1
36 -9 23 0 1
36 -10 23 0 1
36 -11 23 0 1
36 -12 23 0 1
36 -13 23 0 1
36 -14 23 0 1
37 -9 23 0 1
37 -10 23 0 1
37 -11 23 0 1
37 -12 23 0 1
37 -13 23 0 1
37 -14 23 0 1
38 -9 23 0 1
38 -10 23 0 1
38 -11 23 0 1
38 -12 23 0 1
38 -13 23 0 1
38 -14 23 0 1
39 -9 23 0 1
39 -10 23 0 1
39 -11 23 0 1
39 -12 23 0 1
39 -13 23 0 1
39 -14 23 0 1
40 -9 23 0 1
40 -10 23 0 1
40 -11 23 0 1
40 -12 23 0 1
40 -13 23 0 1
40 -14 23 0 1
41 -9 23 0 1
41 -10 23 0 1
41 -11 23 0 1
41 -12 23 0 1
41 -13 23 0 1
41 -14 23 0 1
42 -9 23 0 1
42 -10 23 0 1
42 -11 23 0 1
42 -12 23 0 1
42 -13 23 0 1
42 -14 23 0 1
43 -9 23 0 1
43 -10 23 0 1
43 -11 23 0 1
43 -12 23 0 1
43 -13 23 0 1
43 -14 23 0 1
44 -9 23 0 1
44 -10 23 0 1
44 -11 23 0 1
44 -12 23 0 1
44 -13 23 0 1
44 -14 23 0 1
45 -9 23 0 1
45 -10 23 0 1
45 -11 23 0 1
45 -12 23 0 1
45 -13 23 0 1
45 -14 23 0 1
46 -9 23 0 1
46 -10 23 0 1
46 -11 23 0 1
46 -12 23 0 1
46 -13 23 0 1
46 -14 23 0 1
47 -9 23 0 1
47 -10 23 0 1
47 -11 23 0 1
47 -12 23 0 1
47 -13 23 0 1
47 -14 23 0 1
48 -9 23 0 1
48 -10 23 0 1
48 -11 23 0 1
48 -12 23 0 1
48 -13 23 0 1
48 -14 23 0 1
49 -9 23 0 1
49 -10 23 0 1
49 -11 23 0 1
49 -12 23 0 1
49 -13 23 0 1
49 -14 23 0 1
50 -9 23 0 1
50 -10 23 0 1
50 -11 23 0 1
50 -12 23 0 1
50 -13 23 0 1
50 -14 23 0 1
51 -9 23 0 1
51 -10 23 0 1
51 -11 23 0 1
51 -12 23 0 1
51 -13 23 0 1
51 -14 23 0 1
52 -9 23 0 1
52 -10 23 0 1
52 -11 23 0 1
52 -12 23 0 1
52 -13 23 0 1
52 -14 23 0 1
53 -9 23 0 1
53 -10 23 0 1
53 -11 23 0 1
53 -12 23 0 1
53 -13 23 0 1
53 -14 23 0 1
54 -9 23 0 1
54 -10 23 0 1
54 -11 23 0 1
54 -12 23 0 1
54 -13 23 0 1
54 -14 23 0 1
55 -9 23 0 1
55 -10 23 0 1
55 -11 23 0 1
55 -12 23 0 1
55 -13 23 0 1
55 -14 23 0 1
56 -9 23 0 1
56 -10 23 0 1
56 -11 23 0 1
56 -12 23 0 1
56 -13 23 0 1
56 -14 23 0 1
57 -9 23 0 1
57 -10 23 0 1
57 -11 23 0 1
57 -12 23 0 1
57 -13 23 0 1
57 -14 23 0 1
58 -9 23 0 1
58 -10 23 0 1
58 -11 23 0 1
58 -12 23 0 1
58 -13 23 0 1
58 -14 23 0 1
59 -9 23 0 1
59 -10 23 0 1
59 -11 23 0 1
59 -12 23 0 1
59 -13 23 0 1
59 -14 23 0 1
60 -9 23 0 1
60 -10 23 0 1
60 -11 23 0 1
60 -12 23 0 1
60 -13 23 0 1
60 -14 23 0 1
61 -9 23 0 1
61 -10 23 0 1
61 -11 23 0 1
61 -12 23 0 1
61 -13 23 0 1
61 -14 23 0 1
62 -9 23 0 1
62 -10 23 0 1
62 -11 23 0 1
62 -12 23 0 1
62 -13 23 0 1
62 -14 23 0 1
63 -9 23 0 1
63 -10 23 0 1
63 -11 23 0 1
63 -12 23 0 1
63 -13 23 0 1
63 -14 23 0 1
64 -9 23 0 1
64 -10 23 0 1
64 -11 23 0 1
64 -12 23 0 1
64 -13 23 0 1
64 -14 23 0 1
65 -9 23 0 1
65 -10 23 0 1
65 -11 23 0 1
65 -12 23 0 1
65 -13 23 0 1
65 -14 23 0 1
66 -9 23 0 1
66 -10 23 0 1
66 -11 23 0 1
66 -12 23 0 1
66 -13 23 0 1
66 -14 23 0 1
67 -9 23 0 1
67 -10 23 0 1
67 -11 23 0 1
67 -12 23 0 1
67 -13 23 0 1
67 -14 23 0 1
68 -9 23 0 1
68 -10 23 0 1
68 -11 23 0 1
68 -12 23 0 1
68 -13 23 0 1
68 -14 23 0 1
69 -9 23 0 1
69 -10 23 0 1
69 -11 23 0 1
69 -12 23 0 1
69 -13 23 0 1
69 -14 23 0 1
70 -9 23 0 1
70 -10 23 0 1
70 -11 23 0 1
70 -12 23 0 1
70 -13 23 0 1
70 -14 23 0 1
71 -9 23 0 1
71 -10 23 0 1
71 -11 23 0 1
71 -12 23 0 1
71 -13 23 0 1
71 -14 23 0 1
72 -10 23 0 1
72 -11 23 0 1
72 -12 23 0 1
72 -13 23 0 1
72 -14 23 0 1
73 -10 23 0 1
73 -11 23 0 1
73 -12 23 0 1
73 -13 23 0 1
73 -14 23 0 1
74 -10 23 0 1
74 -11 23 0 1
74 -12 23 0 1
74 -13 23 0 1
74 -14 23 0 1
75 -10 23 0 1
75 -11 23 0 1
75 -12 23 0 1
75 -13 23 0 1
75 -14 23 0 1
76 -10 23 0 1
76 -11 23 0 1
76 -12 23 0 1
76 -13 23 0 1
76 -14 23 0 1
77 -10 23 0 1
77 -11 23 0 1
77 -12 23 0 1
77 -13 23 0 1
77 -14 23 0 1
78 -10 23 0 1
78 -11 23 0 1
78 -12 23 0 1
78 -13 23 0 1
78 -14 23 0 1
79 -10 23 0 1
79 -11 23 0 1
79 -12 23 0 1
79 -13 23 0 1
79 -14 23 0 1
80 -10 23 0 1
80 -11 23 0 1
80 -12 23 0 1
80 -13 23 0 1
80 -14 23 0 1
81 -10 23 0 1
81 -11 23 0 1
81 -12 23 0 1
81 -13 23 0 1
81 -14 23 0 1
82 -10 23 0 1
82 -11 23 0 1
82 -12 23 0 1
82 -13 23 0 1
82 -14 23 0 1
83 -10 23 0 1
83 -11 23 0 1
83 -12 23 0 1
83 -13 23 0 1
83 -14 23 0 1
84 -10 23 0 1
84 -11 23 0 1
84 -12 23 0 1
84 -13 23 0 1
84 -14 23 0 1
85 -10 23 0 1
85 -11 23 0 1
85 -12 23 0 1
85 -13 23 0 1
85 -14 23 0 1
86 -10 23 0 1
86 -11 23 0 1
86 -12 23 0 1
86 -13 23 0 1
86 -14 23 0 1
87 -10 23 0 1
87 -11 23 0 1
87 -12 23 0 1
87 -13 23 0 1
87 -14 23 0 1
88 -10 23 0 1
88 -11 23 0 1
88 -12 23 0 1
88 -13 23 0 1
88 -14 23 0 1
89 -10 23 0 1
89 -11 23 0 1
89 -12 23 0 1
89 -13 23 0 1
89 -14 23 0 1
90 -10 23 0 1
90 -11 23 0 1
90 -12 23 0 1
90 -13 23 0 1
90 -14 23 0 1
91 -10 23 0 1
91 -11 23 0 1
91 -12 23 0 1
91 -13 23 0 1
91 -14 23 0 1
92 -10 23 0 1
92 -11 23 0 1
92 -12 23 0 1
92 -13 23 0 1
92 -14 23 0 1
93 -10 23 0 1
93 -11 23 0 1
93 -12 23 0 1
93 -13 23 0 1
93 -14 23 0 1
94 -10 23 0 1
94 -11 23 0 1
94 -12 23 0 1
94 -13 23 0 1
94 -14 23 0 1
95 -10 23 0 1
95 -11 23 0 1
95 -12 23 0 1
95 -13 23 0 1
95 -14 23 0 1
96 -10 23 0 1
96 -11 23 0 1
96 -12 23 0 1
96 -13 23 0 1
96 -14 23 0 1
97 -10 23 0 1
97 -11 23 0 1
97 -12 23 0 1
97 -13 23 0 1
97 -14 23 0 1
98 -10 23 0 1
98 -11 23 0 1
98 -12 23 0 1
98 -13 23 0 1
98 -14 23 0 1
99 -10 23 0 1
99 -11 23 0 1
99 -12 23 0 1
99 -13 23 0 1
99 -14 23 0 1
100 -10 23 0 1
100 -11 23 0 1
100 -12 23 0 1
100 -13 23 0 1
100 -14 23 0 1
101 -10 23 0 1
101 -11 23 0 1
101 -12 23 0 1
101 -13 23 0 1
101 -14 23 0 1
102 -10 23 0 1
102 -11 23 0 1
102 -12 23 0 1
102 -13 23 0 1
102 -14 23 0 1
103 -10 23 0 1
103 -11 23 0 1
103 -12 23 0 1
103 -13 23 0 1
103 -14 23 0 1
104 -13 23 0 1
104 -14 23 0 1
105 -13 23 0 1
105 -14 23 0 1
106 -13 23 0 1
106 -14 23 0 1
107 -13 23 0 1
107 -14 23 0 1
108 -13 23 0 1
108 -14 23 0 1
109 -13 23 0 1
109 -14 23 0 1
110 -13 23 0 1
110 -14 23 0 1
111 -13 23 0 1
111 -14 23 0 1
112 -13 23 0 1
112 -14 23 0 1
113 -13 23 0 1
113 -14 23 0 1
114 -13 23 0 1
114 -14 23 0 1
115 -13 23 0 1
115 -14 23 0 1
116 -13 23 0 1
116 -14 23 0 1
117 -13 23 0 1
117 -14 23 0 1
118 -13 23 0 1
118 -14 23 0 1
119 -13 23 0 1
119 -14 23 0 1
120 -13 23 0 1
120 -14 23 0 1
121 -13 23 0 1
121 -14 23 0 1
122 -13 23 0 1
122 -14 23 0 1
123 -13 23 0 1
123 -14 23 0 1
124 -13 23 0 1
124 -14 23 0 1
125 -13 23 0 1
125 -14 23 0 1
126 -13 23 0 1
126 -14 23 0 1
127 -13 23 0 1
127 -14 23 0 1
116 -10 23 0 1
116 -11 23 0 1
116 -12 23 0 1
116 -13 23 0 1
117 -10 23 0 1
117 -11 23 0 1
117 -12 23 0 1
117 -13 23 0 1
118 -10 23 0 1
118 -11 23 0 1
118 -12 23 0 1
118 -13 23 0 1
119 -10 23 0 1
119 -11 23 0 1
119 -12 23 0 1
119 -13 23 0 1
123 -10 23 0 1
123 -11 23 0 1
123 -12 23 0 1
123 -13 23 0 1
124 -10 23 0 1
124 -11 23 0 1
124 -12 23 0 1
124 -13 23 0 1
125 -10 23 0 1
125 -11 23 0 1
125 -12 23 0 1
125 -13 23 0 1
126 -10 23 0 1
126 -11 23 0 1
126 -12 23 0 1
126 -13 23 0 1
127 -10 23 0 1
127 -11 23 0 1
127 -12 23 0 1
127 -13 23 0 1
128 -10 23 0 1
129 -10 23 0 1
130 -10 23 0 1
131 -10 23 0 1
132 -10 23 0 1
133 -10 23 0 1
134 -10 23 0 1
135 -10 23 0 1
136 -10 23 0 1
137 -10 23 0 1
138 -10 23 0 1
139 -10 23 0 1
140 -10 23 0 1
141 -9 23 0 1
141 -10 23 0 1
141 -11 23 0 1
141 -12 23 0 1
141 -13 23 0 1
141 -14 23 0 1
142 -9 23 0 1
142 -10 23 0 1
142 -11 23 0 1
142 -12 23 0 1
142 -13 23 0 1
142 -14 23 0 1
143 -9 23 0 1
143 -10 23 0 1
143 -11 23 0 1
143 -12 23 0 1
143 -13 23 0 1
143 -14 23 0 1
144 -13 23 0 1
144 -14 23 0 1
145 -13 23 0 1
145 -14 23 0 1
146 -13 23 0 1
146 -14 23 0 1
147 -13 23 0 1
147 -14 23 0 1
148 -13 23 0 1
148 -14 23 0 1
149 -13 23 0 1
149 -14 23 0 1
150 -13 23 0 1
150 -14 23 0 1
151 -13 23 0 1
151 -14 23 0 1
152 -13 23 0 1
152 -14 23 0 1
153 -13 23 0 1
153 -14 23 0 1
154 -13 23 0 1
154 -14 23 0 1
155 -13 23 0 1
155 -14 23 0 1
156 -13 23 0 1
156 -14 23 0 1
157 -13 23 0 1
157 -14 23 0 1
158 -13 23 0 1
158 -14 23 0 1
159 -13 23 0 1
159 -14 23 0 1
37 -3 23 0 1
37 -4 23 0 1
37 -5 23 0 1
38 -3 23 0 1
38 -4 23 0 1
38 -5 23 0 1
39 -3 23 0 1
39 -4 23 0 1
39 -5 23 0 1
40 -3 23 0 1
40 -4 23 0 1
40 -5 23 0 1
41 -3 23 0 1
41 -4 23 0 1
41 -5 23 0 1
42 -3 23 0 1
42 -4 23 0 1
42 -5 23 0 1
43 -3 23 0 1
43 -4 23 0 1
43 -5 23 0 1
44 -3 23 0 1
44 -4 23 0 1
44 -5 23 0 1
45 -3 23 0 1
45 -4 23 0 1
45 -5 23 0 1
46 -3 23 0 1
46 -4 23 0 1
46 -5 23 0 1
47 -3 23 0 1
47 -4 23 0 1
47 -5 23 0 1
48 -3 23 0 1
48 -4 23 0 1
48 -5 23 0 1
49 -3 23 0 1
49 -4 23 0 1
49 -5 23 0 1
50 -3 23 0 1
50 -4 23 0 1
50 -5 23 0 1
51 -3 23 0 1
51 -4 23 0 1
51 -5 23 0 1
52 -3 23 0 1
52 -4 23 0 1
52 -5 23 0 1
53 -3 23 0 1
53 -4 23 0 1
53 -5 23 0 1
54 -3 23 0 1
54 -4 23 0 1
54 -5 23 0 1
55 -3 23 0 1
55 -4 23 0 1
55 -5 23 0 1
56 -3 23 0 1
56 -4 23 0 1
56 -5 23 0 1
57 -3 23 0 1
57 -4 23 0 1
57 -5 23 0 1
58 -3 23 0 1
58 -4 23 0 1
58 -5 23 0 1
59 -3 23 0 1
59 -4 23 0 1
59 -5 23 0 1
60 -3 23 0 1
60 -4 23 0 1
60 -5 23 0 1
61 -3 23 0 1
61 -4 23 0 1
61 -5 23 0 1
62 -3 23 0 1
62 -4 23 0 1
62 -5 23 0 1
63 -3 23 0 1
63 -4 23 0 1
63 -5 23 0 1
64 -3 23 0 1
64 -4 23 0 1
64 -5 23 0 1
65 -3 23 0 1
65 -4 23 0 1
65 -5 23 0 1
66 -3 23 0 1
66 -4 23 0 1
66 -5 23 0 1
67 -3 23 0 1
67 -4 23 0 1
67 -5 23 0 1
68 -3 23 0 1
68 -4 23 0 1
68 -5 23 0 1
69 -3 23 0 1
69 -4 23 0 1
69 -5 23 0 1
70 -3 23 0 1
70 -4 23 0 1
70 -5 23 0 1
71 -3 23 0 1
71 -4 23 0 1
71 -5 23 0 1
97 -3 23 0 1
97 -4 23 0 1
98 -3 23 0 1
98 -4 23 0 1
99 -3 23 0 1
99 -4 23 0 1
100 -3 23 0 1
100 -4 23 0 1
101 -3 23 0 1
101 -4 23 0 1
102 -3 23 0 1
102 -4 23 0 1
103 -3 23 0 1
103 -4 23 0 1
123 -3 23 0 1
123 -4 23 0 1
124 -3 23 0 1
124 -4 23 0 1
125 -3 23 0 1
125 -4 23 0 1
126 -3 23 0 1
126 -4 23 0 1
127 -3 23 0 1
127 -4 23 0 1
142 -3 23 0 1
142 -4 23 0 1
142 -5 23 0 1
143 -3 23 0 1
143 -4 23 0 1
143 -5 23 0 1
160 0 23 0 1
160 -1 23 0 1
160 -2 23 0 1
160 -3 23 0 1
160 -4 23 0 1
160 -5 23 0 1
160 -6 23 0 1
160 -7 23 0 1
160 -8 23 0 1
160 -9 23 0 1
160 -10 23 0 1
160 -11 23 0 1
160 -12 23 0 1
160 -13 23 0 1
160 -14 23 0 1
-1 -6 23 0 1
-1 -5 23 0 1
80 -3 23 0 1
88 -3 23 0 1
23 -6 23 0 1
30 -10 23 0 1
37 -6 23 0 1
49 -6 23 0 1
60 -6 23 0 1
67 -6 23 0 1
76 -9 23 0 1
80 -4 23 0 1
84 -9 23 0 1
88 -4 23 0 1
92 -9 23 0 1
23 -6 11 1 0
30 -10 11 1 0
37 -6 11 1 0
49 -6 11 1 0
60 -6 11 1 0
67 -6 11 1 0
76 -9 11 1 0
80 -4 11 1 0
84 -9 11 1 0
88 -4 11 1 0
92 -9 11 1 0
30 -6 7 1 1